44 20 99
0 20 21 22 23 24
1 20 24 25 26 27
2 28 29
3 28 29 23
4 25 30
5 25 23 31
6 32 33 23 24 25 31
7 34 35 20 22 23 26 27
8 24 36 21 23
9 32 33 35 23 24 25
10 34 36 37 21 24 27
11 34 36 37 20 21 23 24
12 37 38 39 23 24 25 26 28 30
13 36 39 21 23 24 25
14 24 25 21
15 40 41 42 43 22 23 24 25 27
16 25 28 29
17 37 40 41 42 43
18 40 25 38
19 36 37 20 23 24
20 0 1 7 11 19
21 0 8 10 11 13 14
22 0 15 7
23 0 3 5 6 7 8 9 11 12 13 15 19
24 0 1 6 8 9 10 11 12 13 14 15 19
25 1 4 5 6 9 12 13 14 15 16 18
26 1 12 7
27 1 10 15 7
28 16 2 3 12
29 16 2 3
30 4 12
31 5 6
32 9 6
33 9 6
34 10 11 7
35 9 7
36 8 10 11 13 19
37 10 11 12 17 19
38 18 12
39 12 13
40 17 18 15
41 17 15
42 17 15
43 17 15
